# number of core states 2 =  1 0;  2 0;
0.00010132 5.239487031161838E-03
0.000102595 5.305330549089041E-03
0.000103885 5.372000731449053E-03
0.00010132 5.439507937315108E-03
0.000102595 5.507862655073185E-03
0.000103885 5.577075504023545E-03
0.000105192 5.647157236001859E-03
0.000106515 5.718118737020010E-03
0.000107855 5.789971028926919E-03
0.000105192 5.862725271089568E-03
0.000106515 5.936392762094454E-03
0.000107855 6.010984941469737E-03
0.000109211 6.086513391428352E-03
0.000110585 6.162989838632257E-03
0.000111976 6.240426155978110E-03
0.000109211 6.318834364404610E-03
0.000110585 6.398226634721792E-03
0.000111976 6.478615289462466E-03
0.000113385 6.560012804756136E-03
0.000114811 6.642431812225596E-03
0.000116255 6.725885100906454E-03
0.000113385 6.810385619189943E-03
0.000114811 6.895946476789171E-03
0.000116255 6.982580946729222E-03
0.000117717 7.070302467361231E-03
0.000119198 7.159124644400799E-03
0.000120697 7.249061252991007E-03
0.000117717 7.340126239790337E-03
0.000119198 7.432333725085742E-03
0.000120697 7.525698004931205E-03
0.000122216 7.620233553312006E-03
0.000123753 7.715955024335080E-03
0.000125309 7.812877254445670E-03
0.000122216 7.911015264670692E-03
0.000123753 8.010384262889041E-03
0.000125309 8.110999646129088E-03
0.000126886 8.212877002893828E-03
0.000128482 8.316032115513851E-03
0.000130098 8.420480962528534E-03
0.000126886 8.526239721095770E-03
0.000128482 8.633324769430514E-03
0.000130098 8.741752689272478E-03
0.000131734 8.851540268383369E-03
0.000133391 8.962704503073923E-03
0.000135069 9.075262600761113E-03
0.000131734 9.189231982555836E-03
0.000133391 9.304630285881446E-03
0.000135069 9.421475367123518E-03
0.000136768 9.539785304311113E-03
0.000138488 9.659578399829954E-03
0.00014023 9.780873183167763E-03
0.000136768 9.903688413692312E-03
0.000138488 1.002804308346237E-02
0.00014023 1.015395642007201E-02
0.000141994 1.028144788952859E-02
0.00014378 1.041053719916478E-02
0.000145589 1.054124430058506E-02
0.000141994 1.067358939264705E-02
0.00014378 1.080759292447800E-02
0.000145589 1.094327559852694E-02
0.00014742 1.108065837365269E-02
0.000149274 1.121976246824835E-02
0.000151152 1.136060936340250E-02
0.00014742 1.150322080609751E-02
0.000149274 1.164761881244557E-02
0.000151152 1.179382567096250E-02
0.000153053 1.194186394588002E-02
0.000154978 1.209175648049689E-02
0.000156928 1.224352640056908E-02
0.000153053 1.239719711773973E-02
0.000154978 1.255279233300904E-02
0.000156928 1.271033604024467E-02
0.000158902 1.286985252973312E-02
0.0001609 1.303136639177230E-02
0.000162924 1.319490252030598E-02
0.000158902 1.336048611660046E-02
0.0001609 1.352814269296375E-02
0.000162924 1.369789807650804E-02
0.000164974 1.386977841295558E-02
0.000167049 1.404381017048862E-02
0.00016915 1.422002014364382E-02
0.000164974 1.439843545725151E-02
0.000167049 1.457908357042049E-02
0.00016915 1.476199228056842E-02
0.000171278 1.494718972749888E-02
0.000173432 1.513470439752482E-02
0.000175614 1.532456512763962E-02
0.000171278 1.551680110973575E-02
0.000173432 1.571144189487155E-02
0.000175614 1.590851739758698E-02
0.000177823 1.610805790026832E-02
0.000180059 1.631009405756275E-02
0.000182324 1.651465690084298E-02
0.000177823 1.672177784272266E-02
0.000180059 1.693148868162302E-02
0.000182324 1.714382160639104E-02
0.000184617 1.735880920096994E-02
0.00018694 1.757648444912234E-02
0.000189291 1.779688073920661E-02
0.000184617 1.802003186900710E-02
0.00018694 1.824597205061837E-02
0.000189291 1.847473591538440E-02
0.000191672 1.870635851889301E-02
0.000194083 1.894087534602605E-02
0.000196524 1.917832231606609E-02
0.000191672 1.941873578785980E-02
0.000194083 1.966215256503887E-02
0.000196524 1.990860990129871E-02
0.000198996 2.015814550573587E-02
0.000201499 2.041079754824424E-02
0.000204034 2.066660466497090E-02
0.000198996 2.092560596383208E-02
0.000201499 2.118784103008963E-02
0.000204034 2.145334993198886E-02
0.0002066 2.172217322645794E-02
0.000209199 2.199435196486972E-02
0.00021183 2.226992769886623E-02
0.0002066 2.254894248624665E-02
0.000209199 2.283143889691914E-02
0.00021183 2.311746001891715E-02
0.000214495 2.340704946448073E-02
0.000217193 2.370025137620356E-02
0.000219925 2.399711043324595E-02
0.000214495 2.429767185761455E-02
0.000217193 2.460198142050938E-02
0.000219925 2.491008544873850E-02
0.000222691 2.522203083120116E-02
0.000225492 2.553786502543976E-02
0.000228329 2.585763606426139E-02
0.000222691 2.618139256242917E-02
0.000225492 2.650918372342426E-02
0.000228329 2.684105934627889E-02
0.000231201 2.717706983248113E-02
0.000234109 2.751726619295181E-02
0.000237054 2.786170005509412E-02
0.000231201 2.821042366991655E-02
0.000234109 2.856348991922962E-02
0.000237054 2.892095232291691E-02
0.000240035 2.928286504628099E-02
0.000243055 2.964928290746497E-02
0.000246112 3.002026138494960E-02
0.000240035 3.039585662512715E-02
0.000243055 3.077612544995220E-02
0.000246112 3.116112536466980E-02
0.000249208 3.155091456562177E-02
0.000252342 3.194555194813162E-02
0.000255516 3.234509711446819E-02
0.000249208 3.274961038188893E-02
0.000252342 3.315915279076337E-02
0.000255516 3.357378611277686E-02
0.00025873 3.399357285921523E-02
0.000261985 3.441857628933106E-02
0.00026528 3.484886041879168E-02
0.00025873 3.528449002820962E-02
0.000261985 3.572553067175584E-02
0.00026528 3.617204868585591E-02
0.000268617 3.662411119797037E-02
0.000271996 3.708178613545866E-02
0.000275417 3.754514223452769E-02
0.000268617 3.801424904926537E-02
0.000271996 3.848917696075931E-02
0.000275417 3.896999718630107E-02
0.000278881 3.945678178867654E-02
0.000282389 3.994960368554252E-02
0.000285941 4.044853665889020E-02
0.000278881 4.095365536459516E-02
0.000282389 4.146503534205547E-02
0.000285941 4.198275302391624E-02
0.000289538 4.250688574588281E-02
0.00029318 4.303751175662199E-02
0.000296868 4.357471022775148E-02
0.000289538 4.411856126391816E-02
0.00029318 4.466914591296463E-02
0.000296868 4.522654617618518E-02
0.000300602 4.579084501867089E-02
0.000304383 4.636212637974341E-02
0.000308211 4.694047518347910E-02
0.000300602 4.752597734932189E-02
0.000304383 4.811871980278588E-02
0.000308211 4.871879048624791E-02
0.000312088 4.932627836982922E-02
0.000316014 4.994127346236737E-02
0.000319989 5.056386682247723E-02
0.000312088 5.119415056970180E-02
0.000316014 5.183221789575275E-02
0.000319989 5.247816307583968E-02
0.000324014 5.313208148008952E-02
0.000328089 5.379406958505396E-02
0.000332216 5.446422498530640E-02
0.000324014 5.514264640512743E-02
0.000328089 5.582943371027836E-02
0.000332216 5.652468791986307E-02
0.000336395 5.722851121827714E-02
0.000340626 5.794100696724453E-02
0.000344911 5.866227971794105E-02
0.000336395 5.939243522320380E-02
0.000340626 6.013158044982700E-02
0.000344911 6.087982359094259E-02
0.000349249 6.163727407848591E-02
0.000353642 6.240404259574484E-02
0.000358091 6.318024108999251E-02
0.000349249 6.396598278520296E-02
0.000353642 6.476138219484746E-02
0.000358091 6.556655513477275E-02
0.000362595 6.638161873615879E-02
0.000367156 6.720669145855493E-02
0.000371774 6.804189310299516E-02
0.000362595 6.888734482518911E-02
0.000367156 6.974316914878932E-02
0.000371774 7.060948997873290E-02
0.00037645 7.148643261465595E-02
0.000381185 7.237412376438028E-02
0.00038598 7.327269155747040E-02
0.00037645 7.418226555885898E-02
0.000381185 7.510297678254053E-02
0.00038598 7.603495770532963E-02
0.000390835 7.697834228068405E-02
0.000395751 7.793326595258920E-02
0.000400729 7.889986566950333E-02
0.000390835 7.987827989836115E-02
0.000395751 8.086864863863291E-02
0.000400729 8.187111343643862E-02
0.00040577 8.288581739871252E-02
0.000410874 8.391290520741866E-02
0.000416042 8.495252313381238E-02
0.00040577 8.600481905274639E-02
0.000410874 8.706994245701929E-02
0.000416042 8.814804447176250E-02
0.000421275 8.923927786886361E-02
0.000426574 9.034379708142287E-02
0.00043194 9.146175821823975E-02
0.000421275 9.259331907832706E-02
0.000426574 9.373863916544771E-02
0.00043194 9.489787970267183E-02
0.000437373 9.607120364695125E-02
0.000442874 9.725877570370532E-02
0.000448445 9.846076234141743E-02
0.000437373 9.967733180623510E-02
0.000442874 1.009086541365716E-01
0.000448445 1.021549011777040E-01
0.000454086 1.034162465963631E-01
0.000459797 1.046928658953115E-01
0.000465581 1.059849364279038E-01
0.000454086 1.072926374126252E-01
0.000459797 1.086161499476025E-01
0.000465581 1.099556570250833E-01
0.000471437 1.113113435458768E-01
0.000477367 1.126833963337514E-01
0.000483372 1.140720041497832E-01
0.000471437 1.154773577066492E-01
0.000477367 1.168996496828592E-01
0.000483372 1.183390747369201E-01
0.000489452 1.197958295214259E-01
0.000495608 1.212701126970674E-01
0.000501842 1.227621249465525E-01
0.000489452 1.242720689884328E-01
0.000495608 1.258001495908268E-01
0.000501842 1.273465735850329E-01
0.000508155 1.289115498790254E-01
0.000514547 1.304952894708228E-01
0.000521019 1.320980054617227E-01
0.000508155 1.337199130693934E-01
0.000514547 1.353612296408123E-01
0.000521019 1.370221746650452E-01
0.000527572 1.387029697858536E-01
0.000534208 1.404038388141223E-01
0.000540928 1.421250077400973E-01
0.000527572 1.438667047454224E-01
0.000534208 1.456291602149657E-01
0.000540928 1.474126067484246E-01
0.000547732 1.492172791716971E-01
0.000554622 1.510434145480097E-01
0.000561598 1.528912521887890E-01
0.000547732 1.547610336642654E-01
0.000554622 1.566530028137956E-01
0.000561598 1.585674057558926E-01
0.000568662 1.605044908979495E-01
0.000575815 1.624645089456429E-01
0.000583058 1.644477129120022E-01
0.000568662 1.664543581261323E-01
0.000575815 1.684847022415730E-01
0.000583058 1.705390052442811E-01
0.000590392 1.726175294602199E-01
0.000597818 1.747205395625399E-01
0.000605337 1.768483025783353E-01
0.000590392 1.790010878949585E-01
0.000597818 1.811791672658771E-01
0.000605337 1.833828148160543E-01
0.000612952 1.856123070468358E-01
0.000620662 1.878679228403256E-01
0.000628469 1.901499434632288E-01
0.000612952 1.924586525701464E-01
0.000620662 1.947943362062987E-01
0.000628469 1.971572828096595E-01
0.000636374 1.995477832124787E-01
0.000644378 2.019661306421722E-01
0.000652484 2.044126207215586E-01
0.000636374 2.068875514684184E-01
0.000644378 2.093912232943551E-01
0.000652484 2.119239390029326E-01
0.000660691 2.144860037870668E-01
0.000669001 2.170777252256441E-01
0.000677416 2.196994132793466E-01
0.000660691 2.223513802856514E-01
0.000669001 2.250339409529854E-01
0.000677416 2.277474123540009E-01
0.000685937 2.304921139179524E-01
0.000694565 2.332683674221382E-01
0.000703302 2.360764969823855E-01
0.000685937 2.389168290425443E-01
0.000694565 2.417896923629620E-01
0.000703302 2.446954180079083E-01
0.000712148 2.476343393319183E-01
0.000721106 2.506067919650213E-01
0.000730176 2.536131137968236E-01
0.000712148 2.566536449594091E-01
0.000721106 2.597287278090282E-01
0.000730176 2.628387069065336E-01
0.000739361 2.659839289965331E-01
0.000748661 2.691647429852194E-01
0.000758078 2.723814999168409E-01
0.000739361 2.756345529487738E-01
0.000748661 2.789242573251602E-01
0.000758078 2.822509703490672E-01
0.000767613 2.856150513531315E-01
0.000777269 2.890168616686472E-01
0.000787045 2.924567645930509E-01
0.000767613 2.959351253557665E-01
0.000777269 2.994523110823618E-01
0.000787045 3.030086907569743E-01
0.000796945 3.066046351829628E-01
0.00080697 3.102405169417297E-01
0.00081712 3.139167103496791E-01
0.000796945 3.176335914132535E-01
0.00080697 3.213915377820039E-01
0.00081712 3.251909286996429E-01
0.000827398 3.290321449530272E-01
0.000837806 3.329155688190232E-01
0.000848344 3.368415840091985E-01
0.000827398 3.408105756122862E-01
0.000837806 3.448229300343708E-01
0.000848344 3.488790349367351E-01
0.000859015 3.529792791713173E-01
0.00086982 3.571240527137161E-01
0.000880761 3.613137465936879E-01
0.000859015 3.655487528230785E-01
0.00086982 3.698294643211241E-01
0.000880761 3.741562748370654E-01
0.000891839 3.785295788700111E-01
0.000903057 3.829497715859866E-01
0.000914416 3.874172487321055E-01
0.000891839 3.919324065477978E-01
0.000903057 3.964956416730296E-01
0.000914416 4.011073510534474E-01
0.000925918 4.057679318423791E-01
0.000937565 4.104777812996245E-01
0.000949358 4.152372966869608E-01
0.000925918 4.200468751602988E-01
0.000937565 4.249069136584163E-01
0.000949358 4.298178087881927E-01
0.000961299 4.347799567062776E-01
0.000973391 4.397937529971132E-01
0.000985635 4.448595925472432E-01
0.000961299 4.499778694158224E-01
0.000973391 4.551489767012610E-01
0.000985635 4.603733064039183E-01
0.000998033 4.656512492847716E-01
0.00101059 4.709831947199803E-01
0.0010233 4.763695305512641E-01
0.000998033 4.818106429320179E-01
0.00101059 4.873069161690826E-01
0.0010233 4.928587325600847E-01
0.00103617 4.984664722262677E-01
0.0010492 5.041305129407323E-01
0.0010624 5.098512299519984E-01
0.00103617 5.156289958028119E-01
0.0010492 5.214641801440988E-01
0.0010624 5.273571495439988E-01
0.00107576 5.333082672918803E-01
0.0010893 5.393178931972574E-01
0.001103 5.453863833835215E-01
0.00107576 5.515140900764025E-01
0.0010893 5.577013613870725E-01
0.001103 5.639485410898049E-01
0.00111687 5.702559683941073E-01
0.00113092 5.766239777112361E-01
0.00114514 5.830528984150142E-01
0.00111687 5.895430545968553E-01
0.00113092 5.960947648149225E-01
0.00114514 6.027083418373254E-01
0.00115955 6.093840923792774E-01
0.00117413 6.161223168341252E-01
0.0011889 6.229233089981716E-01
0.00115955 6.297873557892024E-01
0.00117413 6.367147369586432E-01
0.0011889 6.437057247972617E-01
0.00120386 6.507605838343313E-01
0.001219 6.578795705301871E-01
0.00123433 6.650629329620887E-01
0.00120386 6.723109105033190E-01
0.001219 6.796237334954411E-01
0.00123433 6.870016229136462E-01
0.00124986 6.944447900251133E-01
0.00126558 7.019534360403239E-01
0.0012815 7.095277517572546E-01
0.00124986 7.171679171983859E-01
0.00126558 7.248741012404755E-01
0.0012815 7.326464612370228E-01
0.00129762 7.404851426333776E-01
0.00131394 7.483902785744380E-01
0.00133047 7.563619895048863E-01
0.00129762 7.644003827619236E-01
0.00131394 7.725055521604481E-01
0.00133047 7.806775775706536E-01
0.0013472 7.889165244879953E-01
0.00136415 7.972224435955146E-01
0.00138131 8.055953703184798E-01
0.0013472 8.140353243713265E-01
0.00136415 8.225423092968881E-01
0.00138131 8.311163119979010E-01
0.00139868 8.397573022607743E-01
0.00141628 8.484652322716397E-01
0.00143409 8.572400361246688E-01
0.00139868 8.660816293226922E-01
0.00141628 8.749899082701257E-01
0.00143409 8.839647497582337E-01
0.00145213 8.930060104427759E-01
0.00147039 9.021135263140562E-01
0.00148889 9.112871121594499E-01
0.00145213 9.205265610184540E-01
0.00147039 9.298316436303242E-01
0.00148889 9.392021078743861E-01
0.00150762 9.486376782030960E-01
0.00152658 9.581380550679588E-01
0.00154578 9.677029143383903E-01
0.00150762 9.773319067136607E-01
0.00152658 9.870246571280336E-01
0.00154578 9.967807641492351E-01
0.00156523 1.006599799370417E+00
0.00158491 1.016481306795764E+00
0.00160485 1.026424802219920E+00
0.00156523 1.036429772601437E+00
0.00158491 1.046495675430417E+00
0.00160485 1.056621938090598E+00
0.00162504 1.066807957216080E+00
0.00164548 1.077053098042956E+00
0.00166618 1.087356693756101E+00
0.00162504 1.097718044831388E+00
0.00164548 1.108136418373629E+00
0.00166618 1.118611047450554E+00
0.00168713 1.129141130423124E+00
0.00170835 1.139725830272560E+00
0.00172984 1.150364273924410E+00
0.00168713 1.161055551570060E+00
0.00170835 1.171798715986075E+00
0.00172984 1.182592781851785E+00
0.0017516 1.193436725065553E+00
0.00177363 1.204329482060193E+00
0.00179594 1.215269949117997E+00
0.0017516 1.226256981685878E+00
0.00177363 1.237289393691172E+00
0.00179594 1.248365956858595E+00
0.00181853 1.259485400028972E+00
0.00184141 1.270646408480294E+00
0.00186457 1.281847623251726E+00
0.00181853 1.293087640471212E+00
0.00184141 1.304365010687328E+00
0.00186457 1.315678238206069E+00
0.00188802 1.327025780433292E+00
0.00191177 1.338406047223544E+00
0.00193582 1.349817400236048E+00
0.00188802 1.361258152298628E+00
0.00191177 1.372726566780403E+00
0.00193582 1.384220856974079E+00
0.00196017 1.395739185488737E+00
0.00198482 1.407279663653974E+00
0.00200979 1.418840350936393E+00
0.00196017 1.430419254369317E+00
0.00198482 1.442014327996790E+00
0.00200979 1.453623472332827E+00
0.00203507 1.465244533836970E+00
0.00206067 1.476875304407240E+00
0.00208659 1.488513520891557E+00
0.00203507 1.500156864618786E+00
0.00206067 1.511802960950549E+00
0.00208659 1.523449378854997E+00
0.00211284 1.535093630503765E+00
0.00213941 1.546733170893342E+00
0.00216632 1.558365397492153E+00
0.00211284 1.569987649914632E+00
0.00213941 1.581597209623638E+00
0.00216632 1.593191299662561E+00
0.00219357 1.604767084418490E+00
0.00222116 1.616321669417899E+00
0.0022491 1.627852101156249E+00
0.00219357 1.639355366962983E+00
0.00222116 1.650828394903411E+00
0.0022491 1.662268053718991E+00
0.00227739 1.673671152807546E+00
0.00230604 1.685034442244981E+00
0.00233504 1.696354612850067E+00
0.00227739 1.707628296293919E+00
0.00230604 1.718852065255744E+00
0.00233504 1.730022433626553E+00
0.00236442 1.741135856762451E+00
0.00239416 1.752188731789192E+00
0.00242427 1.763177397959674E+00
0.00236442 1.774098137066066E+00
0.00239416 1.784947173908302E+00
0.00242427 1.795720676820611E+00
0.00245476 1.806414758257828E+00
0.00248564 1.817025475443217E+00
0.00251691 1.827548831079495E+00
0.00245476 1.837980774124836E+00
0.00248564 1.848317200635526E+00
0.00251691 1.858553954677018E+00
0.00254857 1.868686829305077E+00
0.00258062 1.878711567618725E+00
0.00261308 1.888623863886667E+00
0.00254857 1.898419364748857E+00
0.00258062 1.908093670494848E+00
0.00261308 1.917642336420576E+00
0.00264595 1.927060874265133E+00
0.00267923 1.936344753729124E+00
0.00271293 1.945489404076132E+00
0.00264595 1.954490215818769E+00
0.00267923 1.963342542490797E+00
0.00271293 1.972041702506672E+00
0.00274706 1.980582981109920E+00
0.00278161 1.988961632411600E+00
0.0028166 1.997172881520125E+00
0.00274706 2.005211926763586E+00
0.00278161 2.013073942005703E+00
0.0028166 2.020754079056434E+00
0.00285203 2.028247470178181E+00
0.0028879 2.035549230688487E+00
0.00292423 2.042654461659983E+00
0.00285203 2.049558252718255E+00
0.0028879 2.056255684938255E+00
0.00292423 2.062741833839695E+00
0.00296101 2.069011772481810E+00
0.00299826 2.075060574657735E+00
0.00303597 2.080883318188618E+00
0.00296101 2.086475088317453E+00
0.00299826 2.091830981202504E+00
0.00303597 2.096946107510031E+00
0.00307416 2.101815596105894E+00
0.00311283 2.106434597845420E+00
0.00315198 2.110798289460825E+00
0.00307416 2.114901877545241E+00
0.00311283 2.118740602632262E+00
0.00315198 2.122309743369766E+00
0.00319163 2.125604620786499E+00
0.00323177 2.128620602649821E+00
0.00327242 2.131353107912736E+00
0.00319163 2.133797611248136E+00
0.00323177 2.135949647668004E+00
0.00327242 2.137804817225052E+00
0.00331359 2.139358789794108E+00
0.00335526 2.140607309930254E+00
0.00339747 2.141546201800551E+00
0.00331359 2.142171374185896E+00
0.00335526 2.142478825549312E+00
0.00339747 2.142464649166732E+00
0.0034402 2.142125038316046E+00
0.00348348 2.141456291519920E+00
0.00352729 2.140454817837671E+00
0.0034402 2.139117142201102E+00
0.00348348 2.137439910788994E+00
0.00352729 2.135419896434656E+00
0.00357166 2.133054004060603E+00
0.00361659 2.130339276134171E+00
0.00366208 2.127272898137562E+00
0.00357166 2.123852204045507E+00
0.00361659 2.120074681803437E+00
0.00366208 2.115937978798761E+00
0.00370814 2.111439907317480E+00
0.00375478 2.106578449978150E+00
0.00380201 2.101351765134830E+00
0.00370814 2.095758192240367E+00
0.00375478 2.089796257161064E+00
0.00380201 2.083464677433512E+00
0.00384984 2.076762367453998E+00
0.00389826 2.069688443590703E+00
0.0039473 2.062242229208568E+00
0.00384984 2.054423259596432E+00
0.00389826 2.046231286785822E+00
0.0039473 2.037666284250526E+00
0.00399695 2.028728451475788E+00
0.00404722 2.019418218385873E+00
0.00409813 2.009736249618415E+00
0.00399695 1.999683448633905E+00
0.00404722 1.989260961648458E+00
0.00409813 1.978470181377932E+00
0.00414968 1.967312750581354E+00
0.00420187 1.955790565391568E+00
0.00425473 1.943905778420997E+00
0.00414968 1.931660801630447E+00
0.00420187 1.919058308948982E+00
0.00425473 1.906101238632954E+00
0.00430825 1.892792795352507E+00
0.00436244 1.879136451994081E+00
0.00441731 1.865135951167717E+00
0.00430825 1.850795306408355E+00
0.00436244 1.836118803060703E+00
0.00441731 1.821110998837764E+00
0.00447287 1.805776724043640E+00
0.00452913 1.790121081451920E+00
0.0045861 1.774149445831658E+00
0.00447287 1.757867463113678E+00
0.00452913 1.741281049190914E+00
0.0045861 1.724396388347372E+00
0.00464379 1.707219931311330E+00
0.0047022 1.689758392929535E+00
0.00476135 1.672018749460172E+00
0.00464379 1.654008235484117E+00
0.0047022 1.635734340434084E+00
0.00476135 1.617204804744083E+00
0.00482124 1.598427615621839E+00
0.00488188 1.579411002448497E+00
0.00494329 1.560163431811219E+00
0.00482124 1.540693602175393E+00
0.00488188 1.521010438204270E+00
0.00494329 1.501123084734703E+00
0.00500547 1.481040900418259E+00
0.00506843 1.460773451037243E+00
0.00513218 1.440330502504952E+00
0.00500547 1.419722013558723E+00
0.00506843 1.398958128152832E+00
0.00513218 1.378049167555949E+00
0.00519674 1.357005622154509E+00
0.0052621 1.335838142958839E+00
0.00532829 1.314557532803108E+00
0.00519674 1.293174737223013E+00
0.0052621 1.271700834986694E+00
0.00532829 1.250147028244625E+00
0.00539531 1.228524632253637E+00
0.00546318 1.206845064619094E+00
0.0055319 1.185119833988386E+00
0.00539531 1.163360528119222E+00
0.00546318 1.141578801239023E+00
0.0055319 1.119786360608376E+00
0.00560148 1.097994952203678E+00
0.00567194 1.076216345443434E+00
0.00574328 1.054462316900353E+00
0.00560148 1.032744632968539E+00
0.00567194 1.011075031491836E+00
0.00574328 9.894652024049593E-01
0.00581552 9.679267674917620E-01
0.00588867 9.464712594217344E-01
0.00596274 9.251101002828778E-01
0.00581552 9.038545798817634E-01
0.00588867 8.827158341250809E-01
0.00596274 8.617048238269334E-01
0.00603775 8.408323142985675E-01
0.00611369 8.201088560696678E-01
0.00619059 7.995447670613703E-01
0.00603775 7.791501164809690E-01
0.00611369 7.589347106386668E-01
0.00619059 7.389080808009076E-01
0.00626846 7.190794730978677E-01
0.00634731 6.994578404012289E-01
0.00642715 6.800518359904011E-01
0.00626846 6.608698087399133E-01
0.00634731 6.419197994963383E-01
0.00642715 6.232095382771314E-01
0.00650799 6.047464419202351E-01
0.00658985 5.865376118424035E-01
0.00667274 5.685898316217942E-01
0.00650799 5.509095641983739E-01
0.00658985 5.335029485739701E-01
0.00667274 5.163757959815601E-01
0.00675667 4.995335855713133E-01
0.00684166 4.829814597224896E-01
0.00692772 4.667242191321300E-01
0.00675667 4.507663178535698E-01
0.00684166 4.351118584623810E-01
0.00692772 4.197645875182558E-01
0.00701486 4.047278914729270E-01
0.0071031 3.900047931505121E-01
0.00719244 3.755979489011882E-01
0.00701486 3.615096465042774E-01
0.0071031 3.477418038743050E-01
0.00719244 3.342959686042639E-01
0.00728291 3.211733183643719E-01
0.00737452 3.083746621620037E-01
0.00746728 2.959004424587967E-01
0.00728291 2.837507381336977E-01
0.00737452 2.719252682754929E-01
0.00746728 2.604233967845963E-01
0.00756121 2.492441377612275E-01
0.00765631 2.383861616552056E-01
0.00775262 2.278478021511378E-01
0.00756121 2.176270637616361E-01
0.00765631 2.077216301001312E-01
0.00775262 1.981288728038376E-01
0.00785013 1.888458610763368E-01
0.00794888 1.798693718180913E-01
0.00804886 1.711959003119639E-01
0.00785013 1.628216714294902E-01
0.00794888 1.547426513222824E-01
0.00804886 1.469545595615378E-01
0.0081501 1.394528816872302E-01
0.00825262 1.322328821272114E-01
0.00835642 1.252896174451658E-01
0.0081501 1.186179498751947E-01
0.00825262 1.122125610997704E-01
0.00835642 1.060679662269191E-01
0.00846154 1.001785279218065E-01
0.00856797 9.453847064739822E-02
0.00867574 8.914189496858317E-02
0.00846154 8.398279187408979E-02
0.00856797 7.905505707067970E-02
0.00867574 7.435250520450244E-02
0.00878487 6.986888396511039E-02
0.00889537 6.559788802848050E-02
0.00900726 6.153317279645873E-02
0.00878487 5.766836789132002E-02
0.00889537 5.399709036562782E-02
0.00900726 5.051295758925341E-02
0.00912056 4.720959977728149E-02
0.00923528 4.408067212456251E-02
0.00935144 4.111986651485874E-02
0.00912056 3.832092277486455E-02
0.00923528 3.567763944583312E-02
0.00935144 3.318388404810692E-02
0.00946907 3.083360281650367E-02
0.00958818 2.862082988723627E-02
0.00970878 2.653969591983215E-02
0.00946907 2.458443614033807E-02
0.00958818 2.274939779494078E-02
0.00970878 2.102904700597937E-02
0.0098309 1.941797502515451E-02
0.00995456 1.791090388153943E-02
0.0100798 1.650269142474473E-02
0.0098309 1.518833576627396E-02
0.00995456 1.396297912470860E-02
0.0100798 1.282191108286862E-02
0.0102066 1.176057126749286E-02
0.0103349 1.077455146425864E-02
0.0104649 9.859597183103259E-03
0.0102066 9.011608690807471E-03
0.0103349 8.226641529646408E-03
0.0104649 7.500906542597205E-03
0.0105966 6.830769427108447E-03
0.0107299 6.212749840780150E-03
0.0108648 5.643520083469381E-03
0.0105966 5.119903381324006E-03
0.0107299 4.638871799054823E-03
0.0108648 4.197543807383820E-03
0.0110015 3.793181533056369E-03
0.0111399 3.423187719079951E-03
0.01128 3.085102422956177E-03
0.0110015 2.776599480611906E-03
0.0111399 2.495482763515274E-03
0.01128 2.239682256091584E-03
0.0114219 2.007249980040077E-03
0.0115655 1.796355791505355E-03
0.011711 1.605283076286494E-03
0.0114219 1.432424367383174E-03
0.0115655 1.276276908192691E-03
0.011711 1.135438183596008E-03
0.0118583 1.008601440016522E-03
0.0120075 8.945512143143022E-04
0.0121585 7.921588901026243E-04
0.0118583 7.003782987549912E-04
0.0120075 6.182413810208345E-04
0.0121585 5.448539237983528E-04
0.0123115 4.793913852344011E-04
0.0124663 4.210948199445745E-04
0.0126231 3.692669147817520E-04
0.0123115 3.232681442377127E-04
0.0124663 2.825130532488723E-04
0.0126231 2.464666739017275E-04
0.0127819 2.146410813035271E-04
0.0129427 1.865920927055739E-04
0.0131055 1.619161128460398E-04
0.0127819 1.402471274211854E-04
0.0129427 1.212538456024541E-04
0.0131055 1.046369915953150E-04
0.0132703 9.012674438648148E-05
0.0134373 7.748032405083740E-05
0.0136063 6.647972228921947E-05
0.0132703 5.692957424336184E-05
0.0134373 4.865516808458804E-05
0.0136063 4.150058839745112E-05
0.0137774 3.532698897722966E-05
0.0139507 3.001099032941289E-05
0.0141262 2.544319689822027E-05
0.0137774 2.152682885786499E-05
0.0139507 1.817646317279135E-05
0.0141262 1.531687856980711E-05
0.0143039 1.288199906464567E-05
0.0144838 1.081393074747090E-05
0.014666 9.062086656645054E-06
0.0143039 7.582394759620821E-06
0.0144838 6.336584317960949E-06
0.014666 5.291546246770121E-06
0.0148505 4.418763497341504E-06
0.0150373 3.681183300424781E-06
0.0152264 3.059355783272718E-06
0.0148505 2.536387208987458E-06
0.0150373 2.097640952633403E-06
0.0152264 1.730468177579819E-06
0.0154179 1.423965969037183E-06
0.0156119 1.168760761258288E-06
0.0158082 9.568149834949446E-07
0.0154179 7.812549456237435E-07
0.0156119 6.362180855917875E-07
0.0158082 5.167178058329242E-07
0.0160071 4.185242330542288E-07
0.0162084 3.380593439250915E-07
0.0164123 2.723050069986255E-07
0.0160071 2.187225975858048E-07
0.0162084 1.751829463609365E-07
0.0164123 1.399054834173084E-07
0.0166187 1.114055366639604E-07
0.0168278 8.844883633601949E-08
0.0170394 7.001236557878802E-08
0.0166187 5.525078026700860E-08
0.0168278 4.346769924304181E-08
0.0170394 3.409123889898155E-08
0.0172538 2.665323346580732E-08
0.0174708 2.077164455497930E-08
0.0176906 1.613572053137375E-08
0.0172538 1.249351833789119E-08
0.0174708 9.641447638724003E-09
0.0176906 7.415539829317690E-09
0.0179131 5.684182829557155E-09
0.0181384 4.342096902349991E-09
0.0183665 3.305357302401164E-09
0.0179131 2.507296643827605E-09
0.0181384 1.895143764081416E-09
0.0183665 1.427276834451990E-09
0.0185976 1.070986795041309E-09
0.0188315 8.006631344338413E-10
0.0190684 5.963278380818508E-10
0.0185976 4.424552267823813E-10
0.0188315 3.270256138692910E-10
0.0190684 2.407694268636209E-10
0.0193082 1.765658497274532E-10
0.0195511 1.289663125007615E-10
0.019797 9.381843684573472E-11
0.0193082 6.797047428695336E-11
0.0195511 4.903996942869038E-11
0.019797 3.523345005722652E-11
0.020046 2.520648387141876E-11
0.0202982 1.795552989684564E-11
0.0205535 1.273472292901766E-11
0.020046 8.992123387339845E-12
0.0202982 6.321095784680605E-12
0.0205535 4.423391905188648E-12
0.020812 3.081248159537361E-12
0.0210738 2.136392870193483E-12
0.0213389 1.474325622095733E-12
0.020812 1.012599973878209E-12
0.0210738 6.921315649194929E-13
0.0213389 4.707814755590203E-13
0.0216073 3.186423077677248E-13
0.0218791 2.145922060782133E-13
0.0221543 1.437883235873652E-13
0.0216073 9.585281405572601E-14
0.0218791 6.356671167823965E-14
0.0221543 4.193435524108679E-14
0.0224329 2.751673515441702E-14
0.0227151 1.795897543847567E-14
0.0230008 1.165720884175343E-14
0.0224329 7.524995588914591E-15
0.0227151 4.830437740815541E-15
0.0230008 3.083222270192311E-15
0.0232902 1.956727935946029E-15
0.0235831 1.234616557469093E-15
0.0238797 7.744228760052906E-16
0.0232902 4.828771591212262E-16
0.0235831 2.992782489059084E-16
0.0238797 1.843575076077232E-16
0.0241801 1.128653038177183E-16
0.0244843 6.866578469967562E-17
0.0247922 4.151132115348408E-17
0.0241801 2.493471801371479E-17
0.0244843 1.488055645610566E-17
0.0247922 8.822167840623737E-18
0.0251041 5.195616363329741E-18
0.0254199 3.039262302302994E-18
0.0257396 1.765760967226344E-18
0.0251041 1.018805015396404E-18
0.0254199 5.837246199618349E-19
0.0257396 3.320814294529486E-19
0.0260634 1.875694893408055E-19
0.0263912 1.051772297892205E-19
0.0267232 5.854416146973028E-20
0.0260634 3.234503954029266E-20
0.0263912 1.773590749876231E-20
0.0267232 9.651163229921126E-21
0.0270593 5.211284572303677E-21
0.0273997 2.791943591846339E-21
0.0277443 1.483961105554018E-21
0.0270593 7.824366632535767E-22
0.0273997 4.092068379980613E-22
0.0277443 2.122556480530803E-22
0.0280933 1.091825966668920E-22
0.0284467 5.569034545101576E-23
0.0288045 2.816389390255335E-23
0.0280933 1.412034036301955E-23
0.0284467 7.017624124255221E-24
0.0288045 3.456843434954110E-24
0.0291668 1.687584704680765E-24
0.0295337 8.163919162388461E-25
0.0299051 3.913176334937961E-25
0.0291668 1.858264302093277E-25
0.0295337 8.741420112991203E-26
0.0299051 4.072878013338223E-26
0.0302813 1.879375322305258E-26
0.0306622 8.587475121304139E-27
0.0310479 3.885114284772730E-27
0.0302813 1.740100148782106E-27
0.0306622 7.714751625252846E-28
0.0310479 3.385254617064248E-28
0.0314384 1.470029808631161E-28
0.0318339 6.316396302273863E-29
0.0322343 2.685117675568692E-29
0.0314384 1.129144615770714E-29
0.0318339 4.696441696103438E-30
0.0322343 1.931797099099858E-30
0.0326397 7.857178506667878E-31
0.0330503 3.159532520503860E-31
0.033466 1.255918031902548E-31
0.0326397 4.934306769858597E-32
0.0330503 1.915814960613536E-32
0.033466 7.349857412258951E-33
0.033887 0.000000000000000E+00
0.0343132 0.000000000000000E+00
0.0347448 0.000000000000000E+00
0.033887 0.000000000000000E+00
0.0343132 0.000000000000000E+00
0.0347448 0.000000000000000E+00
0.0351819 0.000000000000000E+00
0.0356244 0.000000000000000E+00
0.0360725 0.000000000000000E+00
0.0351819 0.000000000000000E+00
0.0356244 0.000000000000000E+00
0.0360725 0.000000000000000E+00
0.0365262 0.000000000000000E+00
0.0369857 0.000000000000000E+00
0.0374509 0.000000000000000E+00
0.0365262 0.000000000000000E+00
0.0369857 0.000000000000000E+00
0.0374509 0.000000000000000E+00
0.037922 0.000000000000000E+00
0.038399 0.000000000000000E+00
0.038882 0.000000000000000E+00
0.037922 0.000000000000000E+00
0.038399 0.000000000000000E+00
0.038882 0.000000000000000E+00
0.039371 0.000000000000000E+00
0.0398663 0.000000000000000E+00
0.0403677 0.000000000000000E+00
0.039371 0.000000000000000E+00
0.0398663 0.000000000000000E+00
0.0403677 0.000000000000000E+00
0.0408755 0.000000000000000E+00
0.0413896 0.000000000000000E+00
0.0419103 0.000000000000000E+00
0.0408755 0.000000000000000E+00
0.0413896 0.000000000000000E+00
0.0419103 0.000000000000000E+00
0.0424374 0.000000000000000E+00
0.0429712 0.000000000000000E+00
0.0435117 0.000000000000000E+00
0.0424374 0.000000000000000E+00
0.0429712 0.000000000000000E+00
0.0435117 0.000000000000000E+00
0.044059 0.000000000000000E+00
0.0446132 0.000000000000000E+00
0.0451744 0.000000000000000E+00
0.044059 0.000000000000000E+00
0.0446132 0.000000000000000E+00
0.0451744 0.000000000000000E+00
0.0457426 0.000000000000000E+00
0.046318 0.000000000000000E+00
0.0469006 0.000000000000000E+00
0.0457426 0.000000000000000E+00
0.046318 0.000000000000000E+00
0.0469006 0.000000000000000E+00
0.0474905 0.000000000000000E+00
0.0480879 0.000000000000000E+00
0.0486928 0.000000000000000E+00
0.0474905 0.000000000000000E+00
0.0480879 0.000000000000000E+00
0.0486928 0.000000000000000E+00
0.0493053 0.000000000000000E+00
0.0499254 0.000000000000000E+00
0.0505534 0.000000000000000E+00
0.0493053 0.000000000000000E+00
0.0499254 0.000000000000000E+00
0.0505534 0.000000000000000E+00
0.0511893 0.000000000000000E+00
0.0518332 0.000000000000000E+00
0.0524852 0.000000000000000E+00
0.0511893 0.000000000000000E+00
0.0518332 0.000000000000000E+00
0.0524852 0.000000000000000E+00
0.0531454 0.000000000000000E+00
0.0538138 0.000000000000000E+00
0.0544907 0.000000000000000E+00
0.0531454 0.000000000000000E+00
0.0538138 0.000000000000000E+00
0.0544907 0.000000000000000E+00
0.0551761 0.000000000000000E+00
0.0558702 0.000000000000000E+00
0.0565729 0.000000000000000E+00
0.0551761 0.000000000000000E+00
0.0558702 0.000000000000000E+00
0.0565729 0.000000000000000E+00
0.0572845 0.000000000000000E+00
0.0580051 0.000000000000000E+00
0.0587347 0.000000000000000E+00
0.0572845 0.000000000000000E+00
0.0580051 0.000000000000000E+00
0.0587347 0.000000000000000E+00
0.0594735 0.000000000000000E+00
0.0602216 0.000000000000000E+00
0.0609791 0.000000000000000E+00
0.0594735 0.000000000000000E+00
0.0602216 0.000000000000000E+00
0.0609791 0.000000000000000E+00
0.0617461 0.000000000000000E+00
0.0625228 0.000000000000000E+00
0.0633092 0.000000000000000E+00
0.0617461 0.000000000000000E+00
0.0625228 0.000000000000000E+00
0.0633092 0.000000000000000E+00
0.0641055 0.000000000000000E+00
0.0649119 0.000000000000000E+00
0.0657284 0.000000000000000E+00
0.0641055 0.000000000000000E+00
0.0649119 0.000000000000000E+00
0.0657284 0.000000000000000E+00
0.0665551 0.000000000000000E+00
0.0673923 0.000000000000000E+00
0.06824 0.000000000000000E+00
0.0665551 0.000000000000000E+00
0.0673923 0.000000000000000E+00
0.06824 0.000000000000000E+00
0.0690983 0.000000000000000E+00
0.0699675 0.000000000000000E+00
0.0708476 0.000000000000000E+00
0.0690983 0.000000000000000E+00
0.0699675 0.000000000000000E+00
0.0708476 0.000000000000000E+00
0.0717387 0.000000000000000E+00
0.0726411 0.000000000000000E+00
0.0735548 0.000000000000000E+00
0.0717387 0.000000000000000E+00
0.0726411 0.000000000000000E+00
0.0735548 0.000000000000000E+00
0.07448 0.000000000000000E+00
0.0754168 0.000000000000000E+00
0.0763655 0.000000000000000E+00
0.07448 0.000000000000000E+00
0.0754168 0.000000000000000E+00
0.0763655 0.000000000000000E+00
0.077326 0.000000000000000E+00
0.0782987 0.000000000000000E+00
0.0792836 0.000000000000000E+00
0.077326 0.000000000000000E+00
0.0782987 0.000000000000000E+00
0.0792836 0.000000000000000E+00
0.0802808 0.000000000000000E+00
0.0812906 0.000000000000000E+00
0.0823131 0.000000000000000E+00
0.0802808 0.000000000000000E+00
0.0812906 0.000000000000000E+00
0.0823131 0.000000000000000E+00
0.0833485 0.000000000000000E+00
0.0843969 0.000000000000000E+00
0.0854585 0.000000000000000E+00
0.0833485 0.000000000000000E+00
0.0843969 0.000000000000000E+00
0.0854585 0.000000000000000E+00
0.0865334 0.000000000000000E+00
0.0876219 0.000000000000000E+00
0.088724 0.000000000000000E+00
0.0865334 0.000000000000000E+00
0.0876219 0.000000000000000E+00
0.088724 0.000000000000000E+00
0.08984 0.000000000000000E+00
0.0909701 0.000000000000000E+00
0.0921143 0.000000000000000E+00
0.08984 0.000000000000000E+00
0.0909701 0.000000000000000E+00
0.0921143 0.000000000000000E+00
0.093273 0.000000000000000E+00
0.0944462 0.000000000000000E+00
0.0956342 0.000000000000000E+00
0.093273 0.000000000000000E+00
0.0944462 0.000000000000000E+00
0.0956342 0.000000000000000E+00
0.0968371 0.000000000000000E+00
0.0980552 0.000000000000000E+00
0.0992886 0.000000000000000E+00
0.0968371 0.000000000000000E+00
0.0980552 0.000000000000000E+00
0.0992886 0.000000000000000E+00
0.100537 0.000000000000000E+00

0.00010132 1.236313858111636E-03
0.000102595 1.251850348607046E-03
0.000103885 1.267581899423629E-03
0.00010132 1.283510954891912E-03
0.000102595 1.299639989854951E-03
0.000103885 1.315971510046242E-03
0.000105192 1.332508052472220E-03
0.000106515 1.349252185799429E-03
0.000107855 1.366206510746392E-03
0.000105192 1.383373660480260E-03
0.000106515 1.400756301018284E-03
0.000107855 1.418357131634160E-03
0.000109211 1.436178885269328E-03
0.000110585 1.454224328949249E-03
0.000111976 1.472496264204746E-03
0.000109211 1.490997527498462E-03
0.000110585 1.509730990656478E-03
0.000111976 1.528699561305175E-03
0.000113385 1.547906183313389E-03
0.000114811 1.567353837239922E-03
0.000116255 1.587045540786461E-03
0.000113385 1.606984349255989E-03
0.000114811 1.627173356016732E-03
0.000116255 1.647615692971723E-03
0.000117717 1.668314531034031E-03
0.000119198 1.689273080607731E-03
0.000120697 1.710494592074679E-03
0.000117717 1.731982356287159E-03
0.000119198 1.753739705066466E-03
0.000120697 1.775770011707503E-03
0.000122216 1.798076691489442E-03
0.000123753 1.820663202192541E-03
0.000125309 1.843533044621171E-03
0.000122216 1.866689763133133E-03
0.000123753 1.890136946175340E-03
0.000125309 1.913878226825912E-03
0.000126886 1.937917283342797E-03
0.000128482 1.962257839718947E-03
0.000130098 1.986903666244164E-03
0.000126886 2.011858580073671E-03
0.000128482 2.037126445803484E-03
0.000130098 2.062711176052662E-03
0.000131734 2.088616732052524E-03
0.000133391 2.114847124242894E-03
0.000135069 2.141406412875479E-03
0.000131734 2.168298708624410E-03
0.000133391 2.195528173204086E-03
0.000135069 2.223099019994376E-03
0.000136768 2.251015514673253E-03
0.000138488 2.279281975856951E-03
0.00014023 2.307902775747720E-03
0.000136768 2.336882340789284E-03
0.000138488 2.366225152330077E-03
0.00014023 2.395935747294335E-03
0.000141994 2.426018718861139E-03
0.00014378 2.456478717151480E-03
0.000145589 2.487320449923478E-03
0.000141994 2.518548683275789E-03
0.00014378 2.550168242359329E-03
0.000145589 2.582184012097397E-03
0.00014742 2.614600937914264E-03
0.000149274 2.647424026472370E-03
0.000151152 2.680658346418156E-03
0.00014742 2.714309029136699E-03
0.000149274 2.748381269515191E-03
0.000151152 2.782880326715368E-03
0.000153053 2.817811524955001E-03
0.000154978 2.853180254298532E-03
0.000156928 2.888991971456952E-03
0.000153053 2.925252200597049E-03
0.000154978 2.961966534160075E-03
0.000156928 2.999140633689972E-03
0.000158902 3.036780230671244E-03
0.0001609 3.074891127376585E-03
0.000162924 3.113479197724346E-03
0.000158902 3.152550388145956E-03
0.0001609 3.192110718463435E-03
0.000162924 3.232166282777032E-03
0.000164974 3.272723250363155E-03
0.000167049 3.313787866582690E-03
0.00016915 3.355366453799772E-03
0.000164974 3.397465412311181E-03
0.000167049 3.440091221286436E-03
0.00016915 3.483250439718687E-03
0.000171278 3.526949707386550E-03
0.000173432 3.571195745826962E-03
0.000175614 3.615995359319195E-03
0.000171278 3.661355435880111E-03
0.000173432 3.707282948270819E-03
0.000175614 3.753784955014796E-03
0.000177823 3.800868601427610E-03
0.000180059 3.848541120658391E-03
0.000182324 3.896809834743105E-03
0.000177823 3.945682155669787E-03
0.000180059 3.995165586455851E-03
0.000182324 4.045267722237595E-03
0.000184617 4.095996251371999E-03
0.00018694 4.147358956550961E-03
0.000189291 4.199363715928065E-03
0.000184617 4.252018504258040E-03
0.00018694 4.305331394048997E-03
0.000189291 4.359310556727579E-03
0.000191672 4.413964263817144E-03
0.000194083 4.469300888129120E-03
0.000196524 4.525328904967636E-03
0.000191672 4.582056893347548E-03
0.000194083 4.639493537226014E-03
0.000196524 4.697647626747715E-03
0.000198996 4.756528059503874E-03
0.000201499 4.816143841805177E-03
0.000204034 4.876504089968725E-03
0.000198996 4.937618031619150E-03
0.000201499 4.999495007004035E-03
0.000204034 5.062144470323728E-03
0.0002066 5.125575991075743E-03
0.000209199 5.189799255413807E-03
0.00021183 5.254824067521710E-03
0.0002066 5.320660351002110E-03
0.000209199 5.387318150280378E-03
0.00021183 5.454807632023651E-03
0.000214495 5.523139086575200E-03
0.000217193 5.592322929404239E-03
0.000219925 5.662369702571323E-03
0.000214495 5.733290076209473E-03
0.000217193 5.805094850021129E-03
0.000219925 5.877794954791048E-03
0.000222691 5.951401453915327E-03
0.000225492 6.025925544946646E-03
0.000228329 6.101378561155869E-03
0.000222691 6.177771973110159E-03
0.000225492 6.255117390267634E-03
0.000228329 6.333426562588859E-03
0.000231201 6.412711382165133E-03
0.000234109 6.492983884863806E-03
0.000237054 6.574256251990752E-03
0.000231201 6.656540811970006E-03
0.000234109 6.739850042040869E-03
0.000237054 6.824196569972486E-03
0.000240035 6.909593175796021E-03
0.000243055 6.996052793554633E-03
0.000246112 7.083588513071274E-03
0.000240035 7.172213581734510E-03
0.000243055 7.261941406302485E-03
0.000246112 7.352785554725052E-03
0.000249208 7.444759757984305E-03
0.000252342 7.537877911953593E-03
0.000255516 7.632154079275090E-03
0.000249208 7.727602491256090E-03
0.000252342 7.824237549784075E-03
0.000255516 7.922073829260787E-03
0.00025873 8.021126078555251E-03
0.000261985 8.121409222975988E-03
0.00026528 8.222938366262499E-03
0.00025873 8.325728792596038E-03
0.000261985 8.429795968629946E-03
0.00026528 8.535155545539377E-03
0.000268617 8.641823361090864E-03
0.000271996 8.749815441731496E-03
0.000275417 8.859148004698026E-03
0.000268617 8.969837460145836E-03
0.000271996 9.081900413298009E-03
0.000275417 9.195353666614395E-03
0.000278881 9.310214221980964E-03
0.000282389 9.426499282919375E-03
0.000285941 9.544226256816892E-03
0.000278881 9.663412757176679E-03
0.000282389 9.784076605888693E-03
0.000285941 9.906235835520865E-03
0.000289538 1.002990869163112E-02
0.00029318 1.015511363510002E-02
0.000296868 1.028186934448397E-02
0.000289538 1.041019471838935E-02
0.00029318 1.054010887786741E-02
0.000296868 1.067163116882984E-02
0.000300602 1.080478116448548E-02
0.000304383 1.093957866779767E-02
0.000308211 1.107604371396272E-02
0.000300602 1.121419657290916E-02
0.000304383 1.135405775181804E-02
0.000308211 1.149564799766416E-02
0.000312088 1.163898829977816E-02
0.000316014 1.178409989242977E-02
0.000319989 1.193100425743175E-02
0.000312088 1.207972312676486E-02
0.000316014 1.223027848522373E-02
0.000319989 1.238269257308347E-02
0.000324014 1.253698788878722E-02
0.000328089 1.269318719165428E-02
0.000332216 1.285131350460911E-02
0.000324014 1.301139011693086E-02
0.000328089 1.317344058702340E-02
0.000332216 1.333748874520592E-02
0.000336395 1.350355869652376E-02
0.000340626 1.367167482357967E-02
0.000344911 1.384186178938505E-02
0.000336395 1.401414454023131E-02
0.000340626 1.418854830858108E-02
0.000344911 1.436509861597914E-02
0.000349249 1.454382127598291E-02
0.000353642 1.472474239711252E-02
0.000358091 1.490788838581980E-02
0.000349249 1.509328594947660E-02
0.000353642 1.528096209938171E-02
0.000358091 1.547094415378653E-02
0.000362595 1.566325974093908E-02
0.000367156 1.585793680214603E-02
0.000371774 1.605500359485271E-02
0.000362595 1.625448869574065E-02
0.000367156 1.645642100384234E-02
0.000371774 1.666082974367315E-02
0.00037645 1.686774446837961E-02
0.000381185 1.707719506290435E-02
0.00038598 1.728921174716664E-02
0.00037645 1.750382507925871E-02
0.000381185 1.772106595865726E-02
0.00038598 1.794096562944946E-02
0.000390835 1.816355568357373E-02
0.000395751 1.838886806407384E-02
0.000400729 1.861693506836682E-02
0.000390835 1.884778935152358E-02
0.000395751 1.908146392956187E-02
0.000400729 1.931799218275124E-02
0.00040577 1.955740785892905E-02
0.000410874 1.979974507682730E-02
0.000416042 2.004503832940951E-02
0.00040577 2.029332248721679E-02
0.000410874 2.054463280172318E-02
0.000416042 2.079900490869849E-02
0.000421275 2.105647483157883E-02
0.000426574 2.131707898484362E-02
0.00043194 2.158085417739842E-02
0.000421275 2.184783761596290E-02
0.000426574 2.211806690846282E-02
0.00043194 2.239158006742536E-02
0.000437373 2.266841551337702E-02
0.000442874 2.294861207824273E-02
0.000448445 2.323220900874582E-02
0.000437373 2.351924596980720E-02
0.000442874 2.380976304794308E-02
0.000448445 2.410380075466026E-02
0.000454086 2.440140002984749E-02
0.000459797 2.470260224516212E-02
0.000465581 2.500744920741063E-02
0.000454086 2.531598316192182E-02
0.000459797 2.562824679591159E-02
0.000465581 2.594428324183772E-02
0.000471437 2.626413608074343E-02
0.000477367 2.658784934558845E-02
0.000483372 2.691546752456565E-02
0.000471437 2.724703556440256E-02
0.000477367 2.758259887364526E-02
0.000483372 2.792220332592387E-02
0.000489452 2.826589526319752E-02
0.000495608 2.861372149897726E-02
0.000501842 2.896572932152505E-02
0.000489452 2.932196649702720E-02
0.000495608 2.968248127274024E-02
0.000501842 3.004732238010725E-02
0.000508155 3.041653903784284E-02
0.000514547 3.079018095498470E-02
0.000521019 3.116829833390934E-02
0.000508155 3.155094187331036E-02
0.000514547 3.193816277113647E-02
0.000521019 3.233001272748726E-02
0.000527572 3.272654394746436E-02
0.000534208 3.312780914397540E-02
0.000540928 3.353386154048819E-02
0.000527572 3.394475487373298E-02
0.000534208 3.436054339634959E-02
0.000540928 3.478128187947685E-02
0.000547732 3.520702561528168E-02
0.000554622 3.563783041942477E-02
0.000561598 3.607375263345994E-02
0.000547732 3.651484912716393E-02
0.000554622 3.696117730079376E-02
0.000561598 3.741279508726811E-02
0.000568662 3.786976095426960E-02
0.000575815 3.833213390626450E-02
0.000583058 3.879997348643609E-02
0.000568662 3.927333977852864E-02
0.000575815 3.975229340859760E-02
0.000583058 4.023689554666253E-02
0.000590392 4.072720790825891E-02
0.000597818 4.122329275588467E-02
0.000605337 4.172521290033724E-02
0.000590392 4.223303170193693E-02
0.000597818 4.274681307163242E-02
0.000605337 4.326662147198358E-02
0.000612952 4.379252191801723E-02
0.000620662 4.432457997795121E-02
0.000628469 4.486286177378161E-02
0.000612952 4.540743398172840E-02
0.000620662 4.595836383253418E-02
0.000628469 4.651571911161139E-02
0.000636374 4.707956815903171E-02
0.000644378 4.764997986935273E-02
0.000652484 4.822702369127631E-02
0.000636374 4.881076962713261E-02
0.000644378 4.940128823218373E-02
0.000652484 4.999865061374127E-02
0.000660691 5.060292843009136E-02
0.000669001 5.121419388922083E-02
0.000677416 5.183251974733765E-02
0.000660691 5.245797930717974E-02
0.000669001 5.309064641610431E-02
0.000677416 5.373059546395146E-02
0.000685937 5.437790138067444E-02
0.000694565 5.503263963372919E-02
0.000703302 5.569488622521587E-02
0.000685937 5.636471768876438E-02
0.000694565 5.704221108615596E-02
0.000703302 5.772744400367322E-02
0.000712148 5.842049454816955E-02
0.000721106 5.912144134284985E-02
0.000730176 5.983036352275412E-02
0.000712148 6.054734072993441E-02
0.000721106 6.127245310831659E-02
0.000730176 6.200578129823751E-02
0.000739361 6.274740643064754E-02
0.000748661 6.349741012096986E-02
0.000758078 6.425587446260500E-02
0.000739361 6.502288202007206E-02
0.000748661 6.579851582177514E-02
0.000758078 6.658285935238466E-02
0.000767613 6.737599654482276E-02
0.000777269 6.817801177184230E-02
0.000787045 6.898898983718592E-02
0.000767613 6.980901596631704E-02
0.000777269 7.063817579670766E-02
0.000787045 7.147655536767278E-02
0.000796945 7.232424110973866E-02
0.00080697 7.318131983353190E-02
0.00081712 7.404787871817743E-02
0.000796945 7.492400529919094E-02
0.00080697 7.580978745585336E-02
0.00081712 7.670531339805386E-02
0.000827398 7.761067165258617E-02
0.000837806 7.852595104888518E-02
0.000848344 7.945124070418874E-02
0.000827398 8.038663000811025E-02
0.000837806 8.133220860660645E-02
0.000848344 8.228806638532501E-02
0.000859015 8.325429345231666E-02
0.00086982 8.423098012009558E-02
0.000880761 8.521821688703157E-02
0.000859015 8.621609441805780E-02
0.00086982 8.722470352467646E-02
0.000880761 8.824413514424619E-02
0.000891839 8.927448031853238E-02
0.000903057 9.031583017150364E-02
0.000914416 9.136827588635560E-02
0.000891839 9.243190868174297E-02
0.000903057 9.350681978720227E-02
0.000914416 9.459310041774527E-02
0.000925918 9.569084174760326E-02
0.000937565 9.680013488310311E-02
0.000949358 9.792107083465387E-02
0.000925918 9.905374048782438E-02
0.000937565 1.001982345734906E-01
0.000949358 1.013546436370309E-01
0.000961299 1.025230580065487E-01
0.000973391 1.037035677600992E-01
0.000985635 1.048962626918999E-01
0.000961299 1.061012322774998E-01
0.000973391 1.073185656378867E-01
0.000985635 1.085483515025069E-01
0.000998033 1.097906781711768E-01
0.00101059 1.110456334748591E-01
0.0010233 1.123133047352804E-01
0.000998033 1.135937787233671E-01
0.00101059 1.148871416164728E-01
0.0010233 1.161934789543710E-01
0.00103617 1.175128755939910E-01
0.0010492 1.188454156628667E-01
0.0010624 1.201911825112748E-01
0.00103617 1.215502586630347E-01
0.0010492 1.229227257649430E-01
0.0010624 1.243086645348158E-01
0.00107576 1.257081547081107E-01
0.0010893 1.271212749831007E-01
0.001103 1.285481029645714E-01
0.00107576 1.299887151060141E-01
0.0010893 1.314431866502848E-01
0.001103 1.329115915687005E-01
0.00111687 1.343940024985437E-01
0.00113092 1.358904906789449E-01
0.00114514 1.374011258851134E-01
0.00111687 1.389259763608868E-01
0.00113092 1.404651087495693E-01
0.00114514 1.420185880230262E-01
0.00115955 1.435864774090058E-01
0.00117413 1.451688383166581E-01
0.0011889 1.467657302602171E-01
0.00115955 1.483772107808179E-01
0.00117413 1.500033353664158E-01
0.0011889 1.516441573697754E-01
0.00120386 1.532997279245019E-01
0.001219 1.549700958590761E-01
0.00123433 1.566553076088694E-01
0.00120386 1.583554071261004E-01
0.001219 1.600704357877059E-01
0.00123433 1.618004323010924E-01
0.00124986 1.635454326077357E-01
0.00126558 1.653054697846016E-01
0.0012815 1.670805739433483E-01
0.00124986 1.688707721272880E-01
0.00126558 1.706760882060703E-01
0.0012815 1.724965427680577E-01
0.00129762 1.743321530103650E-01
0.00131394 1.761829326265295E-01
0.00133047 1.780488916917821E-01
0.00129762 1.799300365458911E-01
0.00131394 1.818263696735465E-01
0.00133047 1.837378895822598E-01
0.0013472 1.856645906777471E-01
0.00136415 1.876064631367678E-01
0.00138131 1.895634927773947E-01
0.0013472 1.915356609266855E-01
0.00136415 1.935229442857291E-01
0.00138131 1.955253147920449E-01
0.00139868 1.975427394793073E-01
0.00141628 1.995751803343735E-01
0.00143409 2.016225941515883E-01
0.00139868 2.036849323843495E-01
0.00141628 2.057621409939085E-01
0.00143409 2.078541602953873E-01
0.00145213 2.099609248009957E-01
0.00147039 2.120823630604272E-01
0.00148889 2.142183974984216E-01
0.00145213 2.163689442494771E-01
0.00147039 2.185339129896990E-01
0.00148889 2.207132067657745E-01
0.00150762 2.229067218210634E-01
0.00152658 2.251143474187948E-01
0.00154578 2.273359656623658E-01
0.00150762 2.295714513127356E-01
0.00152658 2.318206716029145E-01
0.00154578 2.340834860495448E-01
0.00156523 2.363597462615782E-01
0.00158491 2.386492957460530E-01
0.00160485 2.409519697109756E-01
0.00156523 2.432675948653184E-01
0.00158491 2.455959892161445E-01
0.00160485 2.479369618628742E-01
0.00162504 2.502903127887087E-01
0.00164548 2.526558326492347E-01
0.00166618 2.550333025582318E-01
0.00162504 2.574224938707085E-01
0.00164548 2.598231679631992E-01
0.00166618 2.622350760113540E-01
0.00168713 2.646579587648606E-01
0.00170835 2.670915463197381E-01
0.00172984 2.695355578880464E-01
0.00168713 2.719897015650665E-01
0.00170835 2.744536740939973E-01
0.00172984 2.769271606282340E-01
0.0017516 2.794098344912843E-01
0.00177363 2.819013569343943E-01
0.00179594 2.844013768919552E-01
0.0017516 2.869095307347657E-01
0.00177363 2.894254420212369E-01
0.00179594 2.919487212466214E-01
0.00181853 2.944789655903638E-01
0.00184141 2.970157586616746E-01
0.00186457 2.995586702434255E-01
0.00181853 3.021072560344804E-01
0.00184141 3.046610573905836E-01
0.00186457 3.072196010639195E-01
0.00188802 3.097823989414837E-01
0.00191177 3.123489477823984E-01
0.00193582 3.149187289543138E-01
0.00188802 3.174912081690546E-01
0.00191177 3.200658352176625E-01
0.00193582 3.226420437050035E-01
0.00196017 3.252192507841196E-01
0.00198482 3.277968568904984E-01
0.00200979 3.303742454764573E-01
0.00196017 3.329507827458396E-01
0.00198482 3.355258173892279E-01
0.00200979 3.380986803198932E-01
0.00203507 3.406686844107044E-01
0.00206067 3.432351242322310E-01
0.00208659 3.457972757922855E-01
0.00203507 3.483543962771546E-01
0.00206067 3.509057237947849E-01
0.00208659 3.534504771201950E-01
0.00211284 3.559878554433988E-01
0.00213941 3.585170381201276E-01
0.00216632 3.610371844256636E-01
0.00211284 3.635474333120877E-01
0.00213941 3.660469031692790E-01
0.00216632 3.685346915899913E-01
0.00219357 3.710098751393606E-01
0.00222116 3.734715091291989E-01
0.0022491 3.759186273974454E-01
0.00219357 3.783502420931573E-01
0.00222116 3.807653434674318E-01
0.0022491 3.831628996706665E-01
0.00227739 3.855418565565714E-01
0.00230604 3.879011374933674E-01
0.00233504 3.902396431826089E-01
0.00227739 3.925562514860846E-01
0.00230604 3.948498172612630E-01
0.00233504 3.971191722057618E-01
0.00236442 3.993631247113327E-01
0.00239416 4.015804597278626E-01
0.00242427 4.037699386379116E-01
0.00236442 4.059302991423118E-01
0.00239416 4.080602551573737E-01
0.00242427 4.101584967242475E-01
0.00245476 4.122236899310173E-01
0.00248564 4.142544768480933E-01
0.00251691 4.162494754775031E-01
0.00245476 4.182072797166878E-01
0.00248564 4.201264593374100E-01
0.00251691 4.220055599804114E-01
0.00254857 4.238431031664570E-01
0.00258062 4.256375863244192E-01
0.00261308 4.273874828370648E-01
0.00254857 4.290912421052220E-01
0.00258062 4.307472896310129E-01
0.00261308 4.323540271208543E-01
0.00264595 4.339098326089278E-01
0.00267923 4.354130606018428E-01
0.00271293 4.368620422452213E-01
0.00264595 4.382550855129426E-01
0.00267923 4.395904754197925E-01
0.00271293 4.408664742582778E-01
0.00274706 4.420813218603675E-01
0.00278161 4.432332358849336E-01
0.0028166 4.443204121316697E-01
0.00274706 4.453410248822777E-01
0.00278161 4.462932272697053E-01
0.0028166 4.471751516762384E-01
0.00285203 4.479849101612453E-01
0.0028879 4.487205949193783E-01
0.00292423 4.493802787700416E-01
0.00285203 4.499620156789252E-01
0.0028879 4.504638413124276E-01
0.00292423 4.508837736257666E-01
0.00296101 4.512198134855914E-01
0.00299826 4.514699453278950E-01
0.00303597 4.516321378520389E-01
0.00296101 4.517043447516766E-01
0.00299826 4.516845054833754E-01
0.00303597 4.515705460737118E-01
0.00307416 4.513603799656226E-01
0.00311283 4.510519089047683E-01
0.00315198 4.506430238666641E-01
0.00307416 4.501316060253149E-01
0.00311283 4.495155277640759E-01
0.00315198 4.487926537294412E-01
0.00319163 4.479608419284489E-01
0.00323177 4.470179448703633E-01
0.00327242 4.459618107532727E-01
0.00319163 4.447902846962188E-01
0.00323177 4.435012100174400E-01
0.00327242 4.420924295592888E-01
0.00331359 4.405617870603425E-01
0.00335526 4.389071285751910E-01
0.00339747 4.371263039423551E-01
0.00331359 4.352171683007404E-01
0.00335526 4.331775836549877E-01
0.00339747 4.310054204900401E-01
0.0034402 4.286985594351984E-01
0.00348348 4.262548929778660E-01
0.00352729 4.236723272271530E-01
0.0034402 4.209487837274348E-01
0.00348348 4.180822013219015E-01
0.00352729 4.150705380660650E-01
0.00357166 4.119117731911278E-01
0.00361659 4.086039091170433E-01
0.00366208 4.051449735150109E-01
0.00357166 4.015330214190853E-01
0.00361659 3.977661373864769E-01
0.00366208 3.938424377060559E-01
0.00370814 3.897600726544592E-01
0.00375478 3.855172287991138E-01
0.00380201 3.811121313474025E-01
0.00370814 3.765430465410798E-01
0.00375478 3.718082840949523E-01
0.00380201 3.669061996787259E-01
0.00384984 3.618351974408153E-01
0.00389826 3.565937325727961E-01
0.0039473 3.511803139130610E-01
0.00384984 3.455935065881307E-01
0.00389826 3.398319346899482E-01
0.0039473 3.338942839873547E-01
0.00399695 3.277793046698398E-01
0.00404722 3.214858141215157E-01
0.00409813 3.150126997231582E-01
0.00399695 3.083589216800203E-01
0.00404722 3.015235158730060E-01
0.00409813 2.945055967306682E-01
0.00414968 2.873043601193694E-01
0.00420187 2.799190862488247E-01
0.00425473 2.723491425901253E-01
0.00414968 2.645939868032273E-01
0.00420187 2.566531696707703E-01
0.00425473 2.485263380349783E-01
0.00430825 2.402132377342857E-01
0.00436244 2.317137165362219E-01
0.00441731 2.230277270629750E-01
0.00430825 2.141553297059549E-01
0.00436244 2.050966955255625E-01
0.00441731 1.958521091322618E-01
0.00447287 1.864219715449453E-01
0.00452913 1.768068030224547E-01
0.0045861 1.670072458640022E-01
0.00447287 1.570240671740900E-01
0.00452913 1.468581615873820E-01
0.0045861 1.365105539488068E-01
0.00464379 1.259824019439721E-01
0.0047022 1.152749986747529E-01
0.00476135 1.043897751746520E-01
0.00464379 9.332830285823114E-02
0.0047022 8.209229589855788E-02
0.00476135 7.068361352621058E-02
0.00482124 5.910426224290680E-02
0.00488188 4.735639794227831E-02
0.00494329 3.544232792969255E-02
0.00482124 2.336451283231200E-02
0.00488188 1.112556838978639E-02
0.00494329 -1.271732884912234E-03
0.00500547 -1.382446018596886E-02
0.00506843 -2.652952304901422E-02
0.00513218 -3.938367015280366E-02
0.00500547 -5.238348830296359E-02
0.00506843 -6.552540161353865E-02
0.00513218 -7.880567090301163E-02
0.00519674 -9.222039332218886E-02
0.0052621 -1.057655022317181E-01
0.00532829 -1.194367673468667E-01
0.00519674 -1.332297951663338E-01
0.0052621 -1.471400297000839E-01
0.00532829 -1.611627535081939E-01
0.00539531 -1.752930890582644E-01
0.00546318 -1.895260004027901E-01
0.0055319 -2.038562951698440E-01
0.00539531 -2.182786268503739E-01
0.00546318 -2.327874973534459E-01
0.0055319 -2.473772597871215E-01
0.00560148 -2.620421214079030E-01
0.00567194 -2.767761466666787E-01
0.00574328 -2.915732602650154E-01
0.00560148 -3.064272501240092E-01
0.00567194 -3.213317701603670E-01
0.00574328 -3.362803427627503E-01
0.00581552 -3.512663608673280E-01
0.00588867 -3.662830895461651E-01
0.00596274 -3.813236670463279E-01
0.00581552 -3.963811052512169E-01
0.00588867 -4.114482895777429E-01
0.00596274 -4.265179783715510E-01
0.00603775 -4.415828019147545E-01
0.00611369 -4.566352612129469E-01
0.00619059 -4.716677267764027E-01
0.00603775 -4.866724376497579E-01
0.00611369 -5.016415009704764E-01
0.00619059 -5.165668923447169E-01
0.00626846 -5.314404573165460E-01
0.00634731 -5.462539141710162E-01
0.00642715 -5.609988582540318E-01
0.00626846 -5.756667679156875E-01
0.00634731 -5.902490120951788E-01
0.00642715 -6.047368594734231E-01
0.00650799 -6.191214890341442E-01
0.00658985 -6.333940018050980E-01
0.00667274 -6.475454335057622E-01
0.00650799 -6.615667678100460E-01
0.00658985 -6.754489499421146E-01
0.00667274 -6.891829003561121E-01
0.00675667 -7.027595282995032E-01
0.00684166 -7.161697451169389E-01
0.00692772 -7.294044772091425E-01
0.00675667 -7.424546786132536E-01
0.00684166 -7.553113432131308E-01
0.00692772 -7.679655166184953E-01
0.00701486 -7.804083077705183E-01
0.0071031 -7.926309003396810E-01
0.00719244 -8.046245639817364E-01
0.00701486 -8.163806655114287E-01
0.0071031 -8.278906800435646E-01
0.00719244 -8.391462021389119E-01
0.00728291 -8.501389569795565E-01
0.00737452 -8.608608115859188E-01
0.00746728 -8.713037860761760E-01
0.00728291 -8.814600649587930E-01
0.00737452 -8.913220084404291E-01
0.00746728 -9.008821637246053E-01
0.00756121 -9.101332762712725E-01
0.00765631 -9.190683009835305E-01
0.00775262 -9.276804132851538E-01
0.00756121 -9.359630200511367E-01
0.00765631 -9.439097703528683E-01
0.00775262 -9.515145659798367E-01
0.00785013 -9.587715717005515E-01
0.00794888 -9.656752252266941E-01
0.00804886 -9.722202468462074E-01
0.00785013 -9.784016486928843E-01
0.00794888 -9.842147436221048E-01
0.00804886 -9.896551536645477E-01
0.0081501 -9.947188180318105E-01
0.00825262 -9.994020006501075E-01
0.00835642 -1.003701297200295E+00
0.0081501 -1.007613641644564E+00
0.00825262 -1.011136312222147E+00
0.00835642 -1.014266936898291E+00
0.00846154 -1.017003498252653E+00
0.00856797 -1.019344337795046E+00
0.00867574 -1.021288159698209E+00
0.00846154 -1.022834033939008E+00
0.00856797 -1.023981398841036E+00
0.00867574 -1.024730063013313E+00
0.00878487 -1.025080206681269E+00
0.00889537 -1.025032382407794E+00
0.00900726 -1.024587515203687E+00
0.00878487 -1.023746902028287E+00
0.00889537 -1.022512210682635E+00
0.00900726 -1.020885478098916E+00
0.00912056 -1.018869108031407E+00
0.00923528 -1.016465868155572E+00
0.00935144 -1.013678886583296E+00
0.00912056 -1.010511647803661E+00
0.00923528 -1.006967988059900E+00
0.00935144 -1.003052090174495E+00
0.00946907 -9.987684778355870E-01
0.00958818 -9.941220093589920E-01
0.00970878 -9.891178709413063E-01
0.00946907 -9.837615694205326E-01
0.00958818 -9.780589245617125E-01
0.00970878 -9.720160608859322E-01
0.0098309 -9.656393990618939E-01
0.00995456 -9.589356468800307E-01
0.0100798 -9.519117898297983E-01
0.0098309 -9.445750813013841E-01
0.00995456 -9.369330324336179E-01
0.0100798 -9.289934016302486E-01
0.0102066 -9.207641837671723E-01
0.0103349 -9.122535991133950E-01
0.0104649 -9.034700819887641E-01
0.0102066 -8.944222691815633E-01
0.0103349 -8.851189881491079E-01
0.0104649 -8.755692450244335E-01
0.0105966 -8.657822124520311E-01
0.0107299 -8.557672172753893E-01
0.0108648 -8.455337280988512E-01
0.0105966 -8.350913427459310E-01
0.0107299 -8.244497756358919E-01
0.0108648 -8.136188450998946E-01
0.0110015 -8.026084606575575E-01
0.0111399 -7.914286102742468E-01
0.01128 -7.800893476186984E-01
0.0110015 -7.686007793402485E-01
0.0111399 -7.569730523839394E-01
0.01128 -7.452163413613632E-01
0.0114219 -7.333408359943225E-01
0.0115655 -7.213567286476885E-01
0.011711 -7.092742019671820E-01
0.0114219 -6.971034166370631E-01
0.0115655 -6.848544992720703E-01
0.011711 -6.725375304572832E-01
0.0118583 -6.601625329489418E-01
0.0120075 -6.477394600486723E-01
0.0121585 -6.352781841630059E-01
0.0118583 -6.227884855595878E-01
0.0120075 -6.102800413310295E-01
0.0121585 -5.977624145769672E-01
0.0123115 -5.852450438146192E-01
0.0124663 -5.727372326278762E-01
0.0126231 -5.602481395648482E-01
0.0123115 -5.477867682937242E-01
0.0124663 -5.353619580268474E-01
0.0126231 -5.229823742230379E-01
0.0127819 -5.106564995783966E-01
0.0129427 -4.983926253161475E-01
0.0131055 -4.861988427864263E-01
0.0127819 -4.740830353873675E-01
0.0129427 -4.620528708193334E-01
0.0131055 -4.501157936846284E-01
0.0132703 -4.382790184456642E-01
0.0134373 -4.265495227549259E-01
0.0136063 -4.149340411706482E-01
0.0132703 -4.034390592725395E-01
0.0134373 -3.920708081921973E-01
0.0136063 -3.808352595730841E-01
0.0137774 -3.697381209749586E-01
0.0139507 -3.587848317375548E-01
0.0141262 -3.479805593179520E-01
0.0137774 -3.373301961155194E-01
0.0139507 -3.268383567975238E-01
0.0141262 -3.165093761374149E-01
0.0143039 -3.063473073764992E-01
0.0144838 -2.963559211181210E-01
0.014666 -2.865387047616437E-01
0.0143039 -2.768988624814701E-01
0.0144838 -2.674393157540491E-01
0.014666 -2.581627044333734E-01
0.0148505 -2.490713883728602E-01
0.0150373 -2.401674495887867E-01
0.0152264 -2.314526949576830E-01
0.0148505 -2.229286594372593E-01
0.0150373 -2.145966097976800E-01
0.0152264 -2.064575488472676E-01
0.0154179 -1.985122201341188E-01
0.0156119 -1.907611131026586E-01
0.0158082 -1.832044686818893E-01
0.0154179 -1.758422852800437E-01
0.0156119 -1.686743251585507E-01
0.0158082 -1.617001211566869E-01
0.0160071 -1.549189837370442E-01
0.0162084 -1.483300083209865E-01
0.0164123 -1.419320828826259E-01
0.0160071 -1.357238957694971E-01
0.0162084 -1.297039437180611E-01
0.0164123 -1.238705400324105E-01
0.0166187 -1.182218228950614E-01
0.0168278 -1.127557637794983E-01
0.0170394 -1.074701759351557E-01
0.0166187 -1.023627229167554E-01
0.0168278 -9.743092713135099E-02
0.0170394 -9.267217837803018E-02
0.0172538 -8.808374235696323E-02
0.0174708 -8.366276912632890E-02
0.0176906 -7.940630148757083E-02
0.0172538 -7.531128328140058E-02
0.0174708 -7.137456757893169E-02
0.0176906 -6.759292475427775E-02
0.0179131 -6.396305042683025E-02
0.0181384 -6.048157326322408E-02
0.0183665 -5.714506263067227E-02
0.0179131 -5.395003609486636E-02
0.0181384 -5.089296675698437E-02
0.0183665 -4.797029042549913E-02
0.0185976 -4.517841261941605E-02
0.0188315 -4.251371540029572E-02
0.0190684 -3.997256403091801E-02
0.0185976 -3.755131345873425E-02
0.0188315 -3.524631462234097E-02
0.0190684 -3.305392057910855E-02
0.0193082 -3.097049245183993E-02
0.0195511 -2.899240519193982E-02
0.019797 -2.711605315608110E-02
0.0193082 -2.533785549279530E-02
0.0195511 -2.365426133482241E-02
0.019797 -2.206175479247030E-02
0.020046 -2.055685974268807E-02
0.0202982 -1.913614440808249E-02
0.0205535 -1.779622571973143E-02
0.020046 -1.653377345739364E-02
0.0202982 -1.534551416060180E-02
0.0205535 -1.422823480416479E-02
0.020812 -1.317878623180570E-02
0.0210738 -1.219408634202408E-02
0.0213389 -1.127112302079097E-02
0.020812 -1.040695681635715E-02
0.0210738 -9.598723352263727E-03
0.0213389 -8.843635475577460E-03
0.0216073 -8.138985138410540E-03
0.0218791 -7.482145011907199E-03
0.0221543 -6.870569833067092E-03
0.0216073 -6.301797486004264E-03
0.0218791 -5.773449820492174E-03
0.0221543 -5.283233211896326E-03
0.0224329 -4.828938867828695E-03
0.0227151 -4.408442888053503E-03
0.0230008 -4.019706085315362E-03
0.0224329 -3.660773575834571E-03
0.0227151 -3.329774149207198E-03
0.0230008 -3.024919428349436E-03
0.0232902 -2.744502830928643E-03
0.0235831 -2.486898344420473E-03
0.0238797 -2.250559127519046E-03
0.0232902 -2.034015951102357E-03
0.0235831 -1.835875492317337E-03
0.0238797 -1.654818495599377E-03
0.0241801 -1.489597814581415E-03
0.0244843 -1.339036348881908E-03
0.0247922 -1.202024889693293E-03
0.0241801 -1.077519887928610E-03
0.0244843 -9.645411584301001E-04
0.0247922 -8.621695334063848E-04
0.0251041 -7.695444778520325E-04
0.0254199 -6.858616792222454E-04
0.0257396 -6.103706230941996E-04
0.0251041 -5.423721659531961E-04
0.0254199 -4.812161156042412E-04
0.0257396 -4.262988290360407E-04
0.0260634 -3.770608368623671E-04
0.0263912 -3.329845027429826E-04
0.0267232 -2.935917254500556E-04
0.0260634 -2.584416905031995E-04
0.0263912 -2.271286775534693E-04
0.0267232 -1.992799289599530E-04
0.0270593 -1.745535842776369E-04
0.0273997 -1.526366846671795E-04
0.0277443 -1.332432505506980E-04
0.0270593 -1.161124351768337E-04
0.0273997 -1.010067561267792E-04
0.0277443 -8.771040619371598E-05
0.0280933 -7.602764450380208E-05
0.0284467 -6.578126821950135E-05
0.0288045 -5.681116467724655E-05
0.0280933 -4.897294336225901E-05
0.0284467 -4.213664671446460E-05
0.0288045 -3.618553839107041E-05
0.0291668 -3.101496728332416E-05
0.0295337 -2.653130529674242E-05
0.0299051 -2.265095665478979E-05
0.0291668 -1.929943627446195E-05
0.0295337 -1.641051458704036E-05
0.0299051 -1.392542603679826E-05
0.0302813 -1.179213838282065E-05
0.0306622 -9.964679851988719E-06
0.0310479 -8.402521143733269E-06
0.0302813 -7.070009264825689E-06
0.0306622 -5.935850175376925E-06
0.0310479 -4.972637251609441E-06
0.0314384 -4.156422614962541E-06
0.0318339 -3.466328438361636E-06
0.0322343 -2.884195416769426E-06
0.0314384 -2.394265678261639E-06
0.0318339 -1.982897511630491E-06
0.0322343 -1.638309395281351E-06
0.0326397 -1.350350927428764E-06
0.0330503 -1.110301011553035E-06
0.033466 -9.107066357963603E-07
0.0326397 -7.451696032475440E-07
0.0330503 -6.082311562087951E-07
0.033466 -4.952487783332381E-07
0.033887 -4.022848475750906E-07
0.0343132 -3.260090133624156E-07
0.0347448 -2.636128861334072E-07
0.033887 -2.127357515967203E-07
0.0343132 -1.714001433204468E-07
0.0347448 -1.379562262110696E-07
0.0351819 -1.110340609396995E-07
0.0356244 -8.911524163577900E-08
0.0360725 -7.132031525863969E-08
0.0351819 -5.691470377268569E-08
0.0356244 -4.528662236237118E-08
0.0360725 -3.592805227846025E-08
0.0365262 -2.841839698015257E-08
0.0369857 -2.241048744234093E-08
0.0374509 -1.761863713666960E-08
0.0365262 -1.380847927903644E-08
0.0369857 -1.078834850315567E-08
0.0374509 -8.401996232547276E-09
0.037922 -6.522453765116616E-09
0.038399 -5.046879554835057E-09
0.038882 -3.892247486608021E-09
0.037922 -2.991751215227527E-09
0.038399 -2.291816005970964E-09
0.038882 -1.749624105283972E-09
0.039371 -1.331072618807786E-09
0.0398663 -1.009094313783750E-09
0.0403677 -7.622818240941312E-10
0.039371 -5.737645454012509E-10
0.0398663 -4.302951863796209E-10
0.0403677 -3.215096051545512E-10
0.0408755 -2.393293162455546E-10
0.0413896 -1.774810038030746E-10
0.0419103 -1.311116154553516E-10
0.0408755 -9.648122377492759E-11
0.0413896 -7.071890779783903E-11
0.0419103 -5.162949635475380E-11
0.0424374 -3.754119224197931E-11
0.0429712 -2.718591871799346E-11
0.0435117 -1.960574830577594E-11
0.0424374 -1.408003329583222E-11
0.0429712 -1.006889705500287E-11
0.0435117 -7.169599587842312E-12
0.044059 -5.082989533899008E-12
0.0446132 -3.587823563779790E-12
0.0451744 -2.521194932686088E-12
0.044059 -1.763684478309607E-12
0.0446132 -1.228145460832824E-12
0.0451744 -8.512716827782304E-13
0.0457426 -5.872874697585890E-13
0.046318 -4.032476420320115E-13
0.0469006 -2.755532610693240E-13
0.0457426 -1.873810324913037E-13
0.046318 -1.267959730690363E-13
0.0469006 -8.537252519790124E-14
0.0474905 -5.719214179978621E-14
0.0480879 -3.811821471396378E-14
0.0486928 -2.527427722011841E-14
0.0474905 -1.667042342696447E-14
0.0480879 -1.093723508605173E-14
0.0486928 -7.137275621764672E-15
0.0493053 -4.632250167336732E-15
0.0499254 -2.989898188681665E-15
0.0505534 -1.919090777402354E-15
0.0493053 -1.224838554619945E-15
0.0499254 -7.772764223267780E-16
0.0505534 -4.904041891599060E-16
0.0511893 -3.075977838509619E-16
0.0518332 -1.917920098514795E-16
0.0524852 -1.188676333680545E-16
0.0511893 -7.322335627854834E-17
0.0518332 -4.482860810372251E-17
0.0524852 -2.727386992643361E-17
0.0531454 -1.648883674036546E-17
0.0538138 -9.904907853164150E-18
0.0544907 -5.911436392206562E-18
0.0531454 -3.504953920593634E-18
0.0538138 -2.064345666934901E-18
0.0544907 -1.207694244020112E-18
0.0551761 -7.017286987241826E-19
0.0558702 -4.049317955759832E-19
0.0565729 -2.320369691716440E-19
0.0551761 -1.320252331927139E-19
0.0558702 -7.458344959723697E-20
0.0565729 -4.182872013314527E-20
0.0572845 -2.328700325142539E-20
0.0580051 -1.286824675700366E-20
0.0587347 -7.057505604584250E-21
0.0572845 -3.841209312359875E-21
0.0580051 -2.074569081076935E-21
0.0587347 -1.111703025613634E-21
0.0594735 -5.910277523680110E-22
0.0602216 -3.117036327488309E-22
0.0609791 -1.630598037637246E-22
0.0594735 -8.460161159945250E-23
0.0602216 -4.353034158875512E-23
0.0609791 -2.220965007488340E-23
0.0617461 -1.123521713217837E-23
0.0625228 -5.634620468133258E-24
0.0633092 -2.801199602897705E-24
0.0617461 -1.380294580841764E-24
0.0625228 -6.740613056543684E-25
0.0633092 -3.261954043539343E-25
0.0641055 -1.564074470577535E-25
0.0649119 -7.429983717094486E-26
0.0657284 -3.496376611276405E-26
0.0641055 -1.629659543463865E-26
0.0649119 -7.522664105721815E-27
0.0657284 -3.438663537153768E-27
0.0665551 -1.556314543957898E-27
0.0673923 -6.973334973440743E-28
0.06824 -3.092888301256447E-28
0.0665551 -1.357728416839034E-28
0.0673923 -5.898346082967015E-29
0.06824 -2.535474606843400E-29
0.0690983 -1.078306526133389E-29
0.0699675 -4.536497884327544E-30
0.0708476 -1.887711076699345E-30
0.0690983 -7.768313533021795E-31
0.0699675 -3.161066997627343E-31
0.0708476 -1.271730098084121E-31
0.0717387 -5.057644283043220E-32
0.0726411 -1.988065548625300E-32
0.0735548 -7.722864551889880E-33
0.0717387 -2.964332034581435E-33
0.0726411 0.000000000000000E+00
0.0735548 0.000000000000000E+00
0.07448 0.000000000000000E+00
0.0754168 0.000000000000000E+00
0.0763655 0.000000000000000E+00
0.07448 0.000000000000000E+00
0.0754168 0.000000000000000E+00
0.0763655 0.000000000000000E+00
0.077326 0.000000000000000E+00
0.0782987 0.000000000000000E+00
0.0792836 0.000000000000000E+00
0.077326 0.000000000000000E+00
0.0782987 0.000000000000000E+00
0.0792836 0.000000000000000E+00
0.0802808 0.000000000000000E+00
0.0812906 0.000000000000000E+00
0.0823131 0.000000000000000E+00
0.0802808 0.000000000000000E+00
0.0812906 0.000000000000000E+00
0.0823131 0.000000000000000E+00
0.0833485 0.000000000000000E+00
0.0843969 0.000000000000000E+00
0.0854585 0.000000000000000E+00
0.0833485 0.000000000000000E+00
0.0843969 0.000000000000000E+00
0.0854585 0.000000000000000E+00
0.0865334 0.000000000000000E+00
0.0876219 0.000000000000000E+00
0.088724 0.000000000000000E+00
0.0865334 0.000000000000000E+00
0.0876219 0.000000000000000E+00
0.088724 0.000000000000000E+00
0.08984 0.000000000000000E+00
0.0909701 0.000000000000000E+00
0.0921143 0.000000000000000E+00
0.08984 0.000000000000000E+00
0.0909701 0.000000000000000E+00
0.0921143 0.000000000000000E+00
0.093273 0.000000000000000E+00
0.0944462 0.000000000000000E+00
0.0956342 0.000000000000000E+00
0.093273 0.000000000000000E+00
0.0944462 0.000000000000000E+00
0.0956342 0.000000000000000E+00
0.0968371 0.000000000000000E+00
0.0980552 0.000000000000000E+00
0.0992886 0.000000000000000E+00
0.0968371 0.000000000000000E+00
0.0980552 0.000000000000000E+00
0.0992886 0.000000000000000E+00
0.100537 0.000000000000000E+00
